TS 1281367517
1    0 ram0 0 0 0 0 0 0 0 0 0 0 0
1    1 ram1 0 0 0 0 0 0 0 0 0 0 0
1    2 ram2 0 0 0 0 0 0 0 0 0 0 0
1    3 ram3 0 0 0 0 0 0 0 0 0 0 0
1    4 ram4 0 0 0 0 0 0 0 0 0 0 0
1    5 ram5 0 0 0 0 0 0 0 0 0 0 0
1    6 ram6 0 0 0 0 0 0 0 0 0 0 0
1    7 ram7 0 0 0 0 0 0 0 0 0 0 0
1    8 ram8 0 0 0 0 0 0 0 0 0 0 0
1    9 ram9 0 0 0 0 0 0 0 0 0 0 0
1   10 ram10 0 0 0 0 0 0 0 0 0 0 0
1   11 ram11 0 0 0 0 0 0 0 0 0 0 0
1   12 ram12 0 0 0 0 0 0 0 0 0 0 0
1   13 ram13 0 0 0 0 0 0 0 0 0 0 0
1   14 ram14 0 0 0 0 0 0 0 0 0 0 0
1   15 ram15 0 0 0 0 0 0 0 0 0 0 0
104    0 cciss/c0d0 2139885 162788 37361471 8034486 17999682 83425310 811400340 12711047 0 6869437 20744582
104    1 cciss/c0d0p1 1421 3292 10354 3681 351 270 1244 796 0 4271 4477
104    2 cciss/c0d0p2 2138455 159477 37350893 8030772 17999331 83425040 811399096 12710251 0 6866885 20740511
104   16 cciss/c0d1 1172444169 44249324 49905804480 3910112166 3461426338 29008876 138140456491 445486927 19 164987623 60581634
105    0 cciss/c1d0 73924 269836 2753177 412500 2420473 19748 321780475 6652131 0 514459 7064611
253    0 dm-0 257136 0 3846266 2153516 5512224 0 44097792 3486922 0 1438723 5640971
253    1 dm-1 530189 0 11101770 3637955 2653288 0 21226304 1974117 0 1759160 5612383
253    2 dm-2 3919 0 35666 44717 181897 0 1455176 87041 0 87915 131768
253    3 dm-3 1076751 0 11219306 2641733 1639810 0 13118480 3718759 0 1851467 6361472
253    4 dm-4 256478 0 5545346 738862 85694625 0 685557000 105114903 0 1643359 106977275
253    5 dm-5 173276 0 5600490 533574 5699321 0 45594568 9727014 0 1590077 10298618
253    6 dm-6 116 0 928 438 43722 0 349776 39044 0 1000 39839
253    7 dm-7 93 0 744 293 0 0 0 0 0 30 293
9    0 md0 0 0 0 0 0 0 0 0 0 0 0
253    8 dm-8 1173776882 0 49565843449 3948834965 3488896610 0 138140456475 464126261 20 162615889 119349046
253    9 dm-9 619 0 9095 705 1221969 0 312031741 6536504 0 105255 6538868
TS 1281367519
1    0 ram0 0 0 0 0 0 0 0 0 0 0 0
1    1 ram1 0 0 0 0 0 0 0 0 0 0 0
1    2 ram2 0 0 0 0 0 0 0 0 0 0 0
1    3 ram3 0 0 0 0 0 0 0 0 0 0 0
1    4 ram4 0 0 0 0 0 0 0 0 0 0 0
1    5 ram5 0 0 0 0 0 0 0 0 0 0 0
1    6 ram6 0 0 0 0 0 0 0 0 0 0 0
1    7 ram7 0 0 0 0 0 0 0 0 0 0 0
1    8 ram8 0 0 0 0 0 0 0 0 0 0 0
1    9 ram9 0 0 0 0 0 0 0 0 0 0 0
1   10 ram10 0 0 0 0 0 0 0 0 0 0 0
1   11 ram11 0 0 0 0 0 0 0 0 0 0 0
1   12 ram12 0 0 0 0 0 0 0 0 0 0 0
1   13 ram13 0 0 0 0 0 0 0 0 0 0 0
1   14 ram14 0 0 0 0 0 0 0 0 0 0 0
1   15 ram15 0 0 0 0 0 0 0 0 0 0 0
104    0 cciss/c0d0 2139885 162788 37361471 8034486 17999728 83425570 811402788 12711087 0 6869439 20744622
104    1 cciss/c0d0p1 1421 3292 10354 3681 351 270 1244 796 0 4271 4477
104    2 cciss/c0d0p2 2138455 159477 37350893 8030772 17999377 83425300 811401544 12710291 0 6866887 20740551
104   16 cciss/c0d1 1172445102 44249324 49905846120 3910134507 3461428308 29008877 138140550075 445487158 18 164989469 60604229
105    0 cciss/c1d0 73924 269836 2753177 412500 2420473 19748 321780475 6652131 0 514459 7064611
253    0 dm-0 257136 0 3846266 2153516 5512530 0 44100240 3487167 0 1438725 5641216
253    1 dm-1 530189 0 11101770 3637955 2653288 0 21226304 1974117 0 1759160 5612383
253    2 dm-2 3919 0 35666 44717 181897 0 1455176 87041 0 87915 131768
253    3 dm-3 1076751 0 11219306 2641733 1639810 0 13118480 3718759 0 1851467 6361472
253    4 dm-4 256478 0 5545346 738862 85694625 0 685557000 105114903 0 1643359 106977275
253    5 dm-5 173276 0 5600490 533574 5699321 0 45594568 9727014 0 1590077 10298618
253    6 dm-6 116 0 928 438 43722 0 349776 39044 0 1000 39839
253    7 dm-7 93 0 744 293 0 0 0 0 0 30 293
9    0 md0 0 0 0 0 0 0 0 0 0 0 0
253    8 dm-8 1173777814 0 49565885185 3948857295 3488898580 0 138140550027 464126495 18 162617735 119371635
253    9 dm-9 619 0 9095 705 1221969 0 312031741 6536504 0 105255 6538868
TS 1281367521
1    0 ram0 0 0 0 0 0 0 0 0 0 0 0
1    1 ram1 0 0 0 0 0 0 0 0 0 0 0
1    2 ram2 0 0 0 0 0 0 0 0 0 0 0
1    3 ram3 0 0 0 0 0 0 0 0 0 0 0
1    4 ram4 0 0 0 0 0 0 0 0 0 0 0
1    5 ram5 0 0 0 0 0 0 0 0 0 0 0
1    6 ram6 0 0 0 0 0 0 0 0 0 0 0
1    7 ram7 0 0 0 0 0 0 0 0 0 0 0
1    8 ram8 0 0 0 0 0 0 0 0 0 0 0
1    9 ram9 0 0 0 0 0 0 0 0 0 0 0
1   10 ram10 0 0 0 0 0 0 0 0 0 0 0
1   11 ram11 0 0 0 0 0 0 0 0 0 0 0
1   12 ram12 0 0 0 0 0 0 0 0 0 0 0
1   13 ram13 0 0 0 0 0 0 0 0 0 0 0
1   14 ram14 0 0 0 0 0 0 0 0 0 0 0
1   15 ram15 0 0 0 0 0 0 0 0 0 0 0
104    0 cciss/c0d0 2139885 162788 37361471 8034486 17999760 83425680 811403924 12711100 0 6869440 20744635
104    1 cciss/c0d0p1 1421 3292 10354 3681 351 270 1244 796 0 4271 4477
104    2 cciss/c0d0p2 2138455 159477 37350893 8030772 17999409 83425410 811402680 12710304 0 6866888 20740564
104   16 cciss/c0d1 1172445848 44249325 49905881344 3910154917 3461429428 29008878 138140601807 445487273 17 164991287 60624777
105    0 cciss/c1d0 73924 269836 2753177 412500 2420473 19748 321780475 6652131 0 514459 7064611
253    0 dm-0 257136 0 3846266 2153516 5512530 0 44100240 3487167 0 1438725 5641216
253    1 dm-1 530189 0 11101770 3637955 2653288 0 21226304 1974117 0 1759160 5612383
253    2 dm-2 3919 0 35666 44717 181897 0 1455176 87041 0 87915 131768
253    3 dm-3 1076751 0 11219306 2641733 1639810 0 13118480 3718759 0 1851467 6361472
253    4 dm-4 256478 0 5545346 738862 85694767 0 685558136 105114967 0 1643360 106977339
253    5 dm-5 173276 0 5600490 533574 5699321 0 45594568 9727014 0 1590077 10298618
253    6 dm-6 116 0 928 438 43722 0 349776 39044 0 1000 39839
253    7 dm-7 93 0 744 293 0 0 0 0 0 30 293
9    0 md0 0 0 0 0 0 0 0 0 0 0 0
253    8 dm-8 1173778561 0 49565920249 3948877729 3488899701 0 138140601759 464126613 18 162619554 119392228
253    9 dm-9 619 0 9095 705 1221969 0 312031741 6536504 0 105255 6538868
TS 1281367523
1    0 ram0 0 0 0 0 0 0 0 0 0 0 0
1    1 ram1 0 0 0 0 0 0 0 0 0 0 0
1    2 ram2 0 0 0 0 0 0 0 0 0 0 0
1    3 ram3 0 0 0 0 0 0 0 0 0 0 0
1    4 ram4 0 0 0 0 0 0 0 0 0 0 0
1    5 ram5 0 0 0 0 0 0 0 0 0 0 0
1    6 ram6 0 0 0 0 0 0 0 0 0 0 0
1    7 ram7 0 0 0 0 0 0 0 0 0 0 0
1    8 ram8 0 0 0 0 0 0 0 0 0 0 0
1    9 ram9 0 0 0 0 0 0 0 0 0 0 0
1   10 ram10 0 0 0 0 0 0 0 0 0 0 0
1   11 ram11 0 0 0 0 0 0 0 0 0 0 0
1   12 ram12 0 0 0 0 0 0 0 0 0 0 0
1   13 ram13 0 0 0 0 0 0 0 0 0 0 0
1   14 ram14 0 0 0 0 0 0 0 0 0 0 0
1   15 ram15 0 0 0 0 0 0 0 0 0 0 0
104    0 cciss/c0d0 2139885 162788 37361471 8034486 17999764 83425707 811404172 12711100 0 6869440 20744635
104    1 cciss/c0d0p1 1421 3292 10354 3681 351 270 1244 796 0 4271 4477
104    2 cciss/c0d0p2 2138455 159477 37350893 8030772 17999413 83425437 811402928 12710304 0 6866888 20740564
104   16 cciss/c0d1 1172446696 44249328 49905917496 3910176524 3461431407 29008878 138140700196 445487503 9 164993065 60646578
105    0 cciss/c1d0 73924 269836 2753177 412500 2420473 19748 321780475 6652131 0 514459 7064611
253    0 dm-0 257136 0 3846266 2153516 5512530 0 44100240 3487167 0 1438725 5641216
253    1 dm-1 530189 0 11101770 3637955 2653299 0 21226392 1974117 0 1759160 5612383
253    2 dm-2 3919 0 35666 44717 181897 0 1455176 87041 0 87915 131768
253    3 dm-3 1076751 0 11219306 2641733 1639830 0 13118640 3718759 0 1851467 6361472
253    4 dm-4 256478 0 5545346 738862 85694767 0 685558136 105114967 0 1643360 106977339
253    5 dm-5 173276 0 5600490 533574 5699321 0 45594568 9727014 0 1590077 10298618
253    6 dm-6 116 0 928 438 43722 0 349776 39044 0 1000 39839
253    7 dm-7 93 0 744 293 0 0 0 0 0 30 293
9    0 md0 0 0 0 0 0 0 0 0 0 0 0
253    8 dm-8 1173779403 0 49565956401 3948899459 3488901680 0 138140700148 464126835 9 162621331 119414126
253    9 dm-9 619 0 9095 705 1221969 0 312031741 6536504 0 105255 6538868
TS 1281367524
1    0 ram0 0 0 0 0 0 0 0 0 0 0 0
1    1 ram1 0 0 0 0 0 0 0 0 0 0 0
1    2 ram2 0 0 0 0 0 0 0 0 0 0 0
1    3 ram3 0 0 0 0 0 0 0 0 0 0 0
1    4 ram4 0 0 0 0 0 0 0 0 0 0 0
1    5 ram5 0 0 0 0 0 0 0 0 0 0 0
1    6 ram6 0 0 0 0 0 0 0 0 0 0 0
1    7 ram7 0 0 0 0 0 0 0 0 0 0 0
1    8 ram8 0 0 0 0 0 0 0 0 0 0 0
1    9 ram9 0 0 0 0 0 0 0 0 0 0 0
1   10 ram10 0 0 0 0 0 0 0 0 0 0 0
1   11 ram11 0 0 0 0 0 0 0 0 0 0 0
1   12 ram12 0 0 0 0 0 0 0 0 0 0 0
1   13 ram13 0 0 0 0 0 0 0 0 0 0 0
1   14 ram14 0 0 0 0 0 0 0 0 0 0 0
1   15 ram15 0 0 0 0 0 0 0 0 0 0 0
104    0 cciss/c0d0 2139885 162788 37361471 8034486 17999806 83426057 811407308 12711120 0 6869442 20744655
104    1 cciss/c0d0p1 1421 3292 10354 3681 351 270 1244 796 0 4271 4477
104    2 cciss/c0d0p2 2138455 159477 37350893 8030772 17999455 83425787 811406064 12710324 0 6866890 20740584
104   16 cciss/c0d1 1172447376 44249329 49905942352 3910192741 3461433233 29008880 138140790476 445487714 5 164994787 60662861
105    0 cciss/c1d0 73924 269836 2753177 412500 2420473 19748 321780475 6652131 0 514459 7064611
253    0 dm-0 257136 0 3846266 2153516 5512919 0 44103352 3487398 0 1438727 5641447
253    1 dm-1 530189 0 11101770 3637955 2653299 0 21226392 1974117 0 1759160 5612383
253    2 dm-2 3919 0 35666 44717 181897 0 1455176 87041 0 87915 131768
253    3 dm-3 1076751 0 11219306 2641733 1639830 0 13118640 3718759 0 1851467 6361472
253    4 dm-4 256478 0 5545346 738862 85694767 0 685558136 105114967 0 1643360 106977339
253    5 dm-5 173276 0 5600490 533574 5699324 0 45594592 9727014 0 1590077 10298618
253    6 dm-6 116 0 928 438 43722 0 349776 39044 0 1000 39839
253    7 dm-7 93 0 744 293 0 0 0 0 0 30 293
9    0 md0 0 0 0 0 0 0 0 0 0 0 0
253    8 dm-8 1173780080 0 49565980913 3948915669 3488903508 0 138140790428 464127048 5 162623053 119430403
253    9 dm-9 619 0 9095 705 1221969 0 312031741 6536504 0 105255 6538868
TS 1281367526
1    0 ram0 0 0 0 0 0 0 0 0 0 0 0
1    1 ram1 0 0 0 0 0 0 0 0 0 0 0
1    2 ram2 0 0 0 0 0 0 0 0 0 0 0
1    3 ram3 0 0 0 0 0 0 0 0 0 0 0
1    4 ram4 0 0 0 0 0 0 0 0 0 0 0
1    5 ram5 0 0 0 0 0 0 0 0 0 0 0
1    6 ram6 0 0 0 0 0 0 0 0 0 0 0
1    7 ram7 0 0 0 0 0 0 0 0 0 0 0
1    8 ram8 0 0 0 0 0 0 0 0 0 0 0
1    9 ram9 0 0 0 0 0 0 0 0 0 0 0
1   10 ram10 0 0 0 0 0 0 0 0 0 0 0
1   11 ram11 0 0 0 0 0 0 0 0 0 0 0
1   12 ram12 0 0 0 0 0 0 0 0 0 0 0
1   13 ram13 0 0 0 0 0 0 0 0 0 0 0
1   14 ram14 0 0 0 0 0 0 0 0 0 0 0
1   15 ram15 0 0 0 0 0 0 0 0 0 0 0
104    0 cciss/c0d0 2139885 162788 37361471 8034486 17999837 83426181 811408548 12711130 0 6869443 20744665
104    1 cciss/c0d0p1 1421 3292 10354 3681 351 270 1244 796 0 4271 4477
104    2 cciss/c0d0p2 2138455 159477 37350893 8030772 17999486 83425911 811407304 12710334 0 6866891 20740594
104   16 cciss/c0d1 1172447916 44249334 49905968848 3910204843 3461434770 29008881 138140871928 445487863 15 164996507 60675184
105    0 cciss/c1d0 73924 269836 2753177 412500 2420473 19748 321780475 6652131 0 514459 7064611
253    0 dm-0 257136 0 3846266 2153516 5512919 0 44103352 3487398 0 1438727 5641447
253    1 dm-1 530189 0 11101770 3637955 2653299 0 21226392 1974117 0 1759160 5612383
253    2 dm-2 3919 0 35666 44717 181897 0 1455176 87041 0 87915 131768
253    3 dm-3 1076751 0 11219306 2641733 1639830 0 13118640 3718759 0 1851467 6361472
253    4 dm-4 256478 0 5545346 738862 85694922 0 685559376 105115048 0 1643361 106977420
253    5 dm-5 173276 0 5600490 533574 5699324 0 45594592 9727014 0 1590077 10298618
253    6 dm-6 116 0 928 438 43722 0 349776 39044 0 1000 39839
253    7 dm-7 93 0 744 293 0 0 0 0 0 30 293
9    0 md0 0 0 0 0 0 0 0 0 0 0 0
253    8 dm-8 1173780635 0 49566008289 3948927818 3488905046 0 138140871880 464127197 15 162624773 119442775
253    9 dm-9 619 0 9095 705 1221969 0 312031741 6536504 0 105255 6538868
TS 1281367528
1    0 ram0 0 0 0 0 0 0 0 0 0 0 0
1    1 ram1 0 0 0 0 0 0 0 0 0 0 0
1    2 ram2 0 0 0 0 0 0 0 0 0 0 0
1    3 ram3 0 0 0 0 0 0 0 0 0 0 0
1    4 ram4 0 0 0 0 0 0 0 0 0 0 0
1    5 ram5 0 0 0 0 0 0 0 0 0 0 0
1    6 ram6 0 0 0 0 0 0 0 0 0 0 0
1    7 ram7 0 0 0 0 0 0 0 0 0 0 0
1    8 ram8 0 0 0 0 0 0 0 0 0 0 0
1    9 ram9 0 0 0 0 0 0 0 0 0 0 0
1   10 ram10 0 0 0 0 0 0 0 0 0 0 0
1   11 ram11 0 0 0 0 0 0 0 0 0 0 0
1   12 ram12 0 0 0 0 0 0 0 0 0 0 0
1   13 ram13 0 0 0 0 0 0 0 0 0 0 0
1   14 ram14 0 0 0 0 0 0 0 0 0 0 0
1   15 ram15 0 0 0 0 0 0 0 0 0 0 0
104    0 cciss/c0d0 2139885 162788 37361471 8034486 17999839 83426185 811408596 12711130 0 6869443 20744665
104    1 cciss/c0d0p1 1421 3292 10354 3681 351 270 1244 796 0 4271 4477
104    2 cciss/c0d0p2 2138455 159477 37350893 8030772 17999488 83425915 811407352 12710334 0 6866891 20740594
104   16 cciss/c0d1 1172448872 44249337 49906016040 3910228399 3461436398 29008881 138140947324 445488028 3 164998267 60698822
105    0 cciss/c1d0 73924 269836 2753177 412500 2420473 19748 321780475 6652131 0 514459 7064611
253    0 dm-0 257136 0 3846266 2153516 5512919 0 44103352 3487398 0 1438727 5641447
253    1 dm-1 530189 0 11101770 3637955 2653299 0 21226392 1974117 0 1759160 5612383
253    2 dm-2 3919 0 35666 44717 181897 0 1455176 87041 0 87915 131768
253    3 dm-3 1076751 0 11219306 2641733 1639836 0 13118688 3718759 0 1851467 6361472
253    4 dm-4 256478 0 5545346 738862 85694922 0 685559376 105115048 0 1643361 106977420
253    5 dm-5 173276 0 5600490 533574 5699324 0 45594592 9727014 0 1590077 10298618
253    6 dm-6 116 0 928 438 43722 0 349776 39044 0 1000 39839
253    7 dm-7 93 0 744 293 0 0 0 0 0 30 293
9    0 md0 0 0 0 0 0 0 0 0 0 0 0
253    8 dm-8 1173781581 0 49566054433 3948951406 3488906677 0 138140947372 464127367 3 162626534 119466458
253    9 dm-9 619 0 9095 705 1221969 0 312031741 6536504 0 105255 6538868
TS 1281367529
1    0 ram0 0 0 0 0 0 0 0 0 0 0 0
1    1 ram1 0 0 0 0 0 0 0 0 0 0 0
1    2 ram2 0 0 0 0 0 0 0 0 0 0 0
1    3 ram3 0 0 0 0 0 0 0 0 0 0 0
1    4 ram4 0 0 0 0 0 0 0 0 0 0 0
1    5 ram5 0 0 0 0 0 0 0 0 0 0 0
1    6 ram6 0 0 0 0 0 0 0 0 0 0 0
1    7 ram7 0 0 0 0 0 0 0 0 0 0 0
1    8 ram8 0 0 0 0 0 0 0 0 0 0 0
1    9 ram9 0 0 0 0 0 0 0 0 0 0 0
1   10 ram10 0 0 0 0 0 0 0 0 0 0 0
1   11 ram11 0 0 0 0 0 0 0 0 0 0 0
1   12 ram12 0 0 0 0 0 0 0 0 0 0 0
1   13 ram13 0 0 0 0 0 0 0 0 0 0 0
1   14 ram14 0 0 0 0 0 0 0 0 0 0 0
1   15 ram15 0 0 0 0 0 0 0 0 0 0 0
104    0 cciss/c0d0 2139885 162788 37361471 8034486 17999876 83426529 811411644 12711157 0 6869445 20744692
104    1 cciss/c0d0p1 1421 3292 10354 3681 351 270 1244 796 0 4271 4477
104    2 cciss/c0d0p2 2138455 159477 37350893 8030772 17999525 83426259 811410400 12710361 0 6866893 20740621
104   16 cciss/c0d1 1172449929 44249339 49906061168 3910254838 3461438266 29008881 138141034825 445488240 19 164999974 60725987
105    0 cciss/c1d0 73924 269836 2753177 412500 2420473 19748 321780475 6652131 0 514459 7064611
253    0 dm-0 257136 0 3846266 2153516 5513300 0 44106400 3487796 0 1438729 5641845
253    1 dm-1 530189 0 11101770 3637955 2653299 0 21226392 1974117 0 1759160 5612383
253    2 dm-2 3919 0 35666 44717 181897 0 1455176 87041 0 87915 131768
253    3 dm-3 1076751 0 11219306 2641733 1639836 0 13118688 3718759 0 1851467 6361472
253    4 dm-4 256478 0 5545346 738862 85694922 0 685559376 105115048 0 1643361 106977420
253    5 dm-5 173276 0 5600490 533574 5699324 0 45594592 9727014 0 1590077 10298618
253    6 dm-6 116 0 928 438 43722 0 349776 39044 0 1000 39839
253    7 dm-7 93 0 744 293 0 0 0 0 0 30 293
9    0 md0 0 0 0 0 0 0 0 0 0 0 0
253    8 dm-8 1173782657 0 49566100705 3948977876 3488908542 0 138141034777 464127583 19 162628243 119493658
253    9 dm-9 619 0 9095 705 1221969 0 312031741 6536504 0 105255 6538868
TS 1281367531
1    0 ram0 0 0 0 0 0 0 0 0 0 0 0
1    1 ram1 0 0 0 0 0 0 0 0 0 0 0
1    2 ram2 0 0 0 0 0 0 0 0 0 0 0
1    3 ram3 0 0 0 0 0 0 0 0 0 0 0
1    4 ram4 0 0 0 0 0 0 0 0 0 0 0
1    5 ram5 0 0 0 0 0 0 0 0 0 0 0
1    6 ram6 0 0 0 0 0 0 0 0 0 0 0
1    7 ram7 0 0 0 0 0 0 0 0 0 0 0
1    8 ram8 0 0 0 0 0 0 0 0 0 0 0
1    9 ram9 0 0 0 0 0 0 0 0 0 0 0
1   10 ram10 0 0 0 0 0 0 0 0 0 0 0
1   11 ram11 0 0 0 0 0 0 0 0 0 0 0
1   12 ram12 0 0 0 0 0 0 0 0 0 0 0
1   13 ram13 0 0 0 0 0 0 0 0 0 0 0
1   14 ram14 0 0 0 0 0 0 0 0 0 0 0
1   15 ram15 0 0 0 0 0 0 0 0 0 0 0
104    0 cciss/c0d0 2139885 162788 37361471 8034486 17999905 83426676 811413052 12711165 0 6869446 20744700
104    1 cciss/c0d0p1 1421 3292 10354 3681 351 270 1244 796 0 4271 4477
104    2 cciss/c0d0p2 2138455 159477 37350893 8030772 17999554 83426406 811411808 12710369 0 6866894 20740629
104   16 cciss/c0d1 1172450817 44249343 49906108736 3910278483 3461439639 29008881 138141088627 445489684 6 165001714 60750726
105    0 cciss/c1d0 73924 269836 2753177 412500 2420473 19748 321780475 6652131 0 514459 7064611
253    0 dm-0 257136 0 3846266 2153516 5513300 0 44106400 3487796 0 1438729 5641845
253    1 dm-1 530189 0 11101770 3637955 2653302 0 21226416 1974117 0 1759160 5612383
253    2 dm-2 3919 0 35666 44717 181897 0 1455176 87041 0 87915 131768
253    3 dm-3 1076751 0 11219306 2641733 1639836 0 13118688 3718759 0 1851467 6361472
253    4 dm-4 256478 0 5545346 738862 85695095 0 685560760 105115113 0 1643362 106977485
253    5 dm-5 173276 0 5600490 533574 5699324 0 45594592 9727014 0 1590077 10298618
253    6 dm-6 116 0 928 438 43722 0 349776 39044 0 1000 39839
253    7 dm-7 93 0 744 293 0 0 0 0 0 30 293
9    0 md0 0 0 0 0 0 0 0 0 0 0 0
253    8 dm-8 1173783535 0 49566147257 3949001655 3488909917 0 138141088589 464129029 5 162629983 119518532
253    9 dm-9 619 0 9095 705 1221969 0 312031741 6536504 0 105255 6538868
TS 1281367533
1    0 ram0 0 0 0 0 0 0 0 0 0 0 0
1    1 ram1 0 0 0 0 0 0 0 0 0 0 0
1    2 ram2 0 0 0 0 0 0 0 0 0 0 0
1    3 ram3 0 0 0 0 0 0 0 0 0 0 0
1    4 ram4 0 0 0 0 0 0 0 0 0 0 0
1    5 ram5 0 0 0 0 0 0 0 0 0 0 0
1    6 ram6 0 0 0 0 0 0 0 0 0 0 0
1    7 ram7 0 0 0 0 0 0 0 0 0 0 0
1    8 ram8 0 0 0 0 0 0 0 0 0 0 0
1    9 ram9 0 0 0 0 0 0 0 0 0 0 0
1   10 ram10 0 0 0 0 0 0 0 0 0 0 0
1   11 ram11 0 0 0 0 0 0 0 0 0 0 0
1   12 ram12 0 0 0 0 0 0 0 0 0 0 0
1   13 ram13 0 0 0 0 0 0 0 0 0 0 0
1   14 ram14 0 0 0 0 0 0 0 0 0 0 0
1   15 ram15 0 0 0 0 0 0 0 0 0 0 0
104    0 cciss/c0d0 2139885 162788 37361471 8034486 17999907 83426680 811413100 12711165 0 6869446 20744700
104    1 cciss/c0d0p1 1421 3292 10354 3681 351 270 1244 796 0 4271 4477
104    2 cciss/c0d0p2 2138455 159477 37350893 8030772 17999556 83426410 811411856 12710369 0 6866894 20740629
104   16 cciss/c0d1 1172451539 44249345 49906134936 3910295865 3461441301 29008881 138141170465 445489856 10 165003520 60768341
105    0 cciss/c1d0 73924 269836 2753177 412500 2420473 19748 321780475 6652131 0 514459 7064611
253    0 dm-0 257136 0 3846266 2153516 5513300 0 44106400 3487796 0 1438729 5641845
253    1 dm-1 530189 0 11101770 3637955 2653302 0 21226416 1974117 0 1759160 5612383
253    2 dm-2 3919 0 35666 44717 181897 0 1455176 87041 0 87915 131768
253    3 dm-3 1076751 0 11219306 2641733 1639842 0 13118736 3718759 0 1851467 6361472
253    4 dm-4 256478 0 5545346 738862 85695095 0 685560760 105115113 0 1643362 106977485
253    5 dm-5 173276 0 5600490 533574 5699324 0 45594592 9727014 0 1590077 10298618
253    6 dm-6 116 0 928 438 43722 0 349776 39044 0 1000 39839
253    7 dm-7 93 0 744 293 0 0 0 0 0 30 293
9    0 md0 0 0 0 0 0 0 0 0 0 0 0
253    8 dm-8 1173784264 0 49566173561 3949019121 3488911577 0 138141170417 464129202 10 162631789 119536232
253    9 dm-9 619 0 9095 705 1221969 0 312031741 6536504 0 105255 6538868
TS 1281367535
1    0 ram0 0 0 0 0 0 0 0 0 0 0 0
1    1 ram1 0 0 0 0 0 0 0 0 0 0 0
1    2 ram2 0 0 0 0 0 0 0 0 0 0 0
1    3 ram3 0 0 0 0 0 0 0 0 0 0 0
1    4 ram4 0 0 0 0 0 0 0 0 0 0 0
1    5 ram5 0 0 0 0 0 0 0 0 0 0 0
1    6 ram6 0 0 0 0 0 0 0 0 0 0 0
1    7 ram7 0 0 0 0 0 0 0 0 0 0 0
1    8 ram8 0 0 0 0 0 0 0 0 0 0 0
1    9 ram9 0 0 0 0 0 0 0 0 0 0 0
1   10 ram10 0 0 0 0 0 0 0 0 0 0 0
1   11 ram11 0 0 0 0 0 0 0 0 0 0 0
1   12 ram12 0 0 0 0 0 0 0 0 0 0 0
1   13 ram13 0 0 0 0 0 0 0 0 0 0 0
1   14 ram14 0 0 0 0 0 0 0 0 0 0 0
1   15 ram15 0 0 0 0 0 0 0 0 0 0 0
104    0 cciss/c0d0 2139885 162788 37361471 8034486 17999954 83427059 811416508 12711183 0 6869447 20744718
104    1 cciss/c0d0p1 1421 3292 10354 3681 351 270 1244 796 0 4271 4477
104    2 cciss/c0d0p2 2138455 159477 37350893 8030772 17999603 83426789 811415264 12710387 0 6866895 20740647
104   16 cciss/c0d1 1172452284 44249348 49906165760 3910313048 3461443082 29008881 138141246286 445490299 6 165005320 60785852
105    0 cciss/c1d0 73924 269836 2753177 412500 2420473 19748 321780475 6652131 0 514459 7064611
253    0 dm-0 257136 0 3846266 2153516 5513701 0 44109608 3488043 0 1438730 5642092
253    1 dm-1 530189 0 11101770 3637955 2653302 0 21226416 1974117 0 1759160 5612383
253    2 dm-2 3919 0 35666 44717 181897 0 1455176 87041 0 87915 131768
253    3 dm-3 1076751 0 11219306 2641733 1639842 0 13118736 3718759 0 1851467 6361472
253    4 dm-4 256478 0 5545346 738862 85695108 0 685560864 105115113 0 1643362 106977485
253    5 dm-5 173276 0 5600490 533574 5699336 0 45594688 9727014 0 1590077 10298618
253    6 dm-6 116 0 928 438 43722 0 349776 39044 0 1000 39839
253    7 dm-7 93 0 744 293 0 0 0 0 0 30 293
9    0 md0 0 0 0 0 0 0 0 0 0 0 0
253    8 dm-8 1173785008 0 49566204665 3949036320 3488913358 0 138141246238 464129640 7 162633590 119553769
253    9 dm-9 619 0 9095 705 1221969 0 312031741 6536504 0 105255 6538868
TS 1281367537
1    0 ram0 0 0 0 0 0 0 0 0 0 0 0
1    1 ram1 0 0 0 0 0 0 0 0 0 0 0
1    2 ram2 0 0 0 0 0 0 0 0 0 0 0
1    3 ram3 0 0 0 0 0 0 0 0 0 0 0
1    4 ram4 0 0 0 0 0 0 0 0 0 0 0
1    5 ram5 0 0 0 0 0 0 0 0 0 0 0
1    6 ram6 0 0 0 0 0 0 0 0 0 0 0
1    7 ram7 0 0 0 0 0 0 0 0 0 0 0
1    8 ram8 0 0 0 0 0 0 0 0 0 0 0
1    9 ram9 0 0 0 0 0 0 0 0 0 0 0
1   10 ram10 0 0 0 0 0 0 0 0 0 0 0
1   11 ram11 0 0 0 0 0 0 0 0 0 0 0
1   12 ram12 0 0 0 0 0 0 0 0 0 0 0
1   13 ram13 0 0 0 0 0 0 0 0 0 0 0
1   14 ram14 0 0 0 0 0 0 0 0 0 0 0
1   15 ram15 0 0 0 0 0 0 0 0 0 0 0
104    0 cciss/c0d0 2139885 162788 37361471 8034486 17999981 83427313 811418756 12711197 0 6869448 20744732
104    1 cciss/c0d0p1 1421 3292 10354 3681 351 270 1244 796 0 4271 4477
104    2 cciss/c0d0p2 2138455 159477 37350893 8030772 17999630 83427043 811417512 12710401 0 6866896 20740661
104   16 cciss/c0d1 1172453163 44249352 49906205720 3910334713 3461444792 29008881 138141329376 445490555 11 165007115 60807837
105    0 cciss/c1d0 73924 269836 2753177 412500 2420473 19748 321780475 6652131 0 514459 7064611
253    0 dm-0 257136 0 3846266 2153516 5513701 0 44109608 3488043 0 1438730 5642092
253    1 dm-1 530189 0 11101770 3637955 2653305 0 21226440 1974117 0 1759160 5612383
253    2 dm-2 3919 0 35666 44717 181897 0 1455176 87041 0 87915 131768
253    3 dm-3 1076751 0 11219306 2641733 1639842 0 13118736 3718759 0 1851467 6361472
253    4 dm-4 256478 0 5545346 738862 85695386 0 685563088 105115320 0 1643363 106977692
253    5 dm-5 173276 0 5600490 533574 5699336 0 45594688 9727014 0 1590077 10298618
253    6 dm-6 116 0 928 438 43722 0 349776 39044 0 1000 39839
253    7 dm-7 93 0 744 293 0 0 0 0 0 30 293
9    0 md0 0 0 0 0 0 0 0 0 0 0 0
253    8 dm-8 1173785896 0 49566244401 3949058106 3488915068 0 138141329328 464129886 11 162635385 119575861
253    9 dm-9 619 0 9095 705 1221969 0 312031741 6536504 0 105255 6538868
TS 1281367538
1    0 ram0 0 0 0 0 0 0 0 0 0 0 0
1    1 ram1 0 0 0 0 0 0 0 0 0 0 0
1    2 ram2 0 0 0 0 0 0 0 0 0 0 0
1    3 ram3 0 0 0 0 0 0 0 0 0 0 0
1    4 ram4 0 0 0 0 0 0 0 0 0 0 0
1    5 ram5 0 0 0 0 0 0 0 0 0 0 0
1    6 ram6 0 0 0 0 0 0 0 0 0 0 0
1    7 ram7 0 0 0 0 0 0 0 0 0 0 0
1    8 ram8 0 0 0 0 0 0 0 0 0 0 0
1    9 ram9 0 0 0 0 0 0 0 0 0 0 0
1   10 ram10 0 0 0 0 0 0 0 0 0 0 0
1   11 ram11 0 0 0 0 0 0 0 0 0 0 0
1   12 ram12 0 0 0 0 0 0 0 0 0 0 0
1   13 ram13 0 0 0 0 0 0 0 0 0 0 0
1   14 ram14 0 0 0 0 0 0 0 0 0 0 0
1   15 ram15 0 0 0 0 0 0 0 0 0 0 0
104    0 cciss/c0d0 2139885 162788 37361471 8034486 17999983 83427317 811418804 12711197 0 6869448 20744732
104    1 cciss/c0d0p1 1421 3292 10354 3681 351 270 1244 796 0 4271 4477
104    2 cciss/c0d0p2 2138455 159477 37350893 8030772 17999632 83427047 811417560 12710401 0 6866896 20740661
104   16 cciss/c0d1 1172454111 44249356 49906246888 3910358339 3461446350 29008881 138141405085 445490739 5 165008889 60831631
105    0 cciss/c1d0 73924 269836 2753177 412500 2420473 19748 321780475 6652131 0 514459 7064611
253    0 dm-0 257136 0 3846266 2153516 5513701 0 44109608 3488043 0 1438730 5642092
253    1 dm-1 530189 0 11101770 3637955 2653305 0 21226440 1974117 0 1759160 5612383
253    2 dm-2 3919 0 35666 44717 181897 0 1455176 87041 0 87915 131768
253    3 dm-3 1076751 0 11219306 2641733 1639848 0 13118784 3718759 0 1851467 6361472
253    4 dm-4 256478 0 5545346 738862 85695386 0 685563088 105115320 0 1643363 106977692
253    5 dm-5 173276 0 5600490 533574 5699336 0 45594688 9727014 0 1590077 10298618
253    6 dm-6 116 0 928 438 43722 0 349776 39044 0 1000 39839
253    7 dm-7 93 0 744 293 0 0 0 0 0 30 293
9    0 md0 0 0 0 0 0 0 0 0 0 0 0
253    8 dm-8 1173786842 0 49566285377 3949081794 3488916626 0 138141405037 464130065 5 162637159 119599712
253    9 dm-9 619 0 9095 705 1221969 0 312031741 6536504 0 105255 6538868
TS 1281367540
1    0 ram0 0 0 0 0 0 0 0 0 0 0 0
1    1 ram1 0 0 0 0 0 0 0 0 0 0 0
1    2 ram2 0 0 0 0 0 0 0 0 0 0 0
1    3 ram3 0 0 0 0 0 0 0 0 0 0 0
1    4 ram4 0 0 0 0 0 0 0 0 0 0 0
1    5 ram5 0 0 0 0 0 0 0 0 0 0 0
1    6 ram6 0 0 0 0 0 0 0 0 0 0 0
1    7 ram7 0 0 0 0 0 0 0 0 0 0 0
1    8 ram8 0 0 0 0 0 0 0 0 0 0 0
1    9 ram9 0 0 0 0 0 0 0 0 0 0 0
1   10 ram10 0 0 0 0 0 0 0 0 0 0 0
1   11 ram11 0 0 0 0 0 0 0 0 0 0 0
1   12 ram12 0 0 0 0 0 0 0 0 0 0 0
1   13 ram13 0 0 0 0 0 0 0 0 0 0 0
1   14 ram14 0 0 0 0 0 0 0 0 0 0 0
1   15 ram15 0 0 0 0 0 0 0 0 0 0 0
104    0 cciss/c0d0 2139885 162788 37361471 8034486 18000036 83427703 811422316 12711236 0 6869451 20744771
104    1 cciss/c0d0p1 1421 3292 10354 3681 351 270 1244 796 0 4271 4477
104    2 cciss/c0d0p2 2138455 159477 37350893 8030772 17999685 83427433 811421072 12710440 0 6866899 20740700
104   16 cciss/c0d1 1172454829 44249360 49906280464 3910374790 3461448030 29008881 138141479474 445491119 19 165010649 60848778
105    0 cciss/c1d0 73924 269836 2753177 412500 2420473 19748 321780475 6652131 0 514459 7064611
253    0 dm-0 257136 0 3846266 2153516 5514083 0 44112664 3488481 0 1438732 5642530
253    1 dm-1 530189 0 11101770 3637955 2653320 0 21226560 1974126 0 1759161 5612392
253    2 dm-2 3919 0 35666 44717 181897 0 1455176 87041 0 87915 131768
253    3 dm-3 1076751 0 11219306 2641733 1639848 0 13118784 3718759 0 1851467 6361472
253    4 dm-4 256478 0 5545346 738862 85695428 0 685563424 105115362 0 1643364 106977734
253    5 dm-5 173276 0 5600490 533574 5699336 0 45594688 9727014 0 1590077 10298618
253    6 dm-6 116 0 928 438 43722 0 349776 39044 0 1000 39839
253    7 dm-7 93 0 744 293 0 0 0 0 0 30 293
9    0 md0 0 0 0 0 0 0 0 0 0 0 0
253    8 dm-8 1173787578 0 49566319561 3949098295 3488918306 0 138141479426 464130448 19 162638919 119616912
253    9 dm-9 619 0 9095 705 1221969 0 312031741 6536504 0 105255 6538868
TS 1281367542
1    0 ram0 0 0 0 0 0 0 0 0 0 0 0
1    1 ram1 0 0 0 0 0 0 0 0 0 0 0
1    2 ram2 0 0 0 0 0 0 0 0 0 0 0
1    3 ram3 0 0 0 0 0 0 0 0 0 0 0
1    4 ram4 0 0 0 0 0 0 0 0 0 0 0
1    5 ram5 0 0 0 0 0 0 0 0 0 0 0
1    6 ram6 0 0 0 0 0 0 0 0 0 0 0
1    7 ram7 0 0 0 0 0 0 0 0 0 0 0
1    8 ram8 0 0 0 0 0 0 0 0 0 0 0
1    9 ram9 0 0 0 0 0 0 0 0 0 0 0
1   10 ram10 0 0 0 0 0 0 0 0 0 0 0
1   11 ram11 0 0 0 0 0 0 0 0 0 0 0
1   12 ram12 0 0 0 0 0 0 0 0 0 0 0
1   13 ram13 0 0 0 0 0 0 0 0 0 0 0
1   14 ram14 0 0 0 0 0 0 0 0 0 0 0
1   15 ram15 0 0 0 0 0 0 0 0 0 0 0
104    0 cciss/c0d0 2139885 162788 37361471 8034486 18000063 83427859 811423780 12711249 0 6869453 20744784
104    1 cciss/c0d0p1 1421 3292 10354 3681 351 270 1244 796 0 4271 4477
104    2 cciss/c0d0p2 2138455 159477 37350893 8030772 17999712 83427589 811422536 12710453 0 6866901 20740713
104   16 cciss/c0d1 1172455755 44249364 49906319376 3910395227 3461450299 29008883 138141570985 445491317 14 165012454 60869246
105    0 cciss/c1d0 73924 269836 2753177 412500 2420473 19748 321780475 6652131 0 514459 7064611
253    0 dm-0 257136 0 3846266 2153516 5514083 0 44112664 3488481 0 1438732 5642530
253    1 dm-1 530189 0 11101770 3637955 2653323 0 21226584 1974126 0 1759161 5612392
253    2 dm-2 3919 0 35666 44717 181897 0 1455176 87041 0 87915 131768
253    3 dm-3 1076751 0 11219306 2641733 1639848 0 13118784 3718759 0 1851467 6361472
253    4 dm-4 256478 0 5545346 738862 85695608 0 685564864 105115474 0 1643366 106977846
253    5 dm-5 173276 0 5600490 533574 5699336 0 45594688 9727014 0 1590077 10298618
253    6 dm-6 116 0 928 438 43722 0 349776 39044 0 1000 39839
253    7 dm-7 93 0 744 293 0 0 0 0 0 30 293
9    0 md0 0 0 0 0 0 0 0 0 0 0 0
253    8 dm-8 1173788502 0 49566358249 3949118943 3488920578 0 138141570939 464130649 13 162640724 119637594
253    9 dm-9 619 0 9095 705 1221969 0 312031741 6536504 0 105255 6538868
TS 1281367544
1    0 ram0 0 0 0 0 0 0 0 0 0 0 0
1    1 ram1 0 0 0 0 0 0 0 0 0 0 0
1    2 ram2 0 0 0 0 0 0 0 0 0 0 0
1    3 ram3 0 0 0 0 0 0 0 0 0 0 0
1    4 ram4 0 0 0 0 0 0 0 0 0 0 0
1    5 ram5 0 0 0 0 0 0 0 0 0 0 0
1    6 ram6 0 0 0 0 0 0 0 0 0 0 0
1    7 ram7 0 0 0 0 0 0 0 0 0 0 0
1    8 ram8 0 0 0 0 0 0 0 0 0 0 0
1    9 ram9 0 0 0 0 0 0 0 0 0 0 0
1   10 ram10 0 0 0 0 0 0 0 0 0 0 0
1   11 ram11 0 0 0 0 0 0 0 0 0 0 0
1   12 ram12 0 0 0 0 0 0 0 0 0 0 0
1   13 ram13 0 0 0 0 0 0 0 0 0 0 0
1   14 ram14 0 0 0 0 0 0 0 0 0 0 0
1   15 ram15 0 0 0 0 0 0 0 0 0 0 0
104    0 cciss/c0d0 2139885 162788 37361471 8034486 18000071 83427863 811423876 12711251 0 6869454 20744786
104    1 cciss/c0d0p1 1421 3292 10354 3681 351 270 1244 796 0 4271 4477
104    2 cciss/c0d0p2 2138455 159477 37350893 8030772 17999720 83427593 811422632 12710455 0 6866902 20740715
104   16 cciss/c0d1 1172456672 44249370 49906362176 3910414551 3461451965 29008884 138141637985 445491470 16 165014249 60888694
105    0 cciss/c1d0 73924 269836 2753177 412500 2420473 19748 321780475 6652131 0 514459 7064611
253    0 dm-0 257136 0 3846266 2153516 5514083 0 44112664 3488481 0 1438732 5642530
253    1 dm-1 530189 0 11101770 3637955 2653323 0 21226584 1974126 0 1759161 5612392
253    2 dm-2 3919 0 35666 44717 181897 0 1455176 87041 0 87915 131768
253    3 dm-3 1076751 0 11219306 2641733 1639854 0 13118832 3718759 0 1851467 6361472
253    4 dm-4 256478 0 5545346 738862 85695614 0 685564912 105115476 0 1643367 106977848
253    5 dm-5 173276 0 5600490 533574 5699336 0 45594688 9727014 0 1590077 10298618
253    6 dm-6 116 0 928 438 43722 0 349776 39044 0 1000 39839
253    7 dm-7 93 0 744 293 0 0 0 0 0 30 293
9    0 md0 0 0 0 0 0 0 0 0 0 0 0
253    8 dm-8 1173789425 0 49566401329 3949138344 3488922256 0 138141642033 464130802 26 162642519 119657139
253    9 dm-9 619 0 9095 705 1221969 0 312031741 6536504 0 105255 6538868
TS 1281367546
1    0 ram0 0 0 0 0 0 0 0 0 0 0 0
1    1 ram1 0 0 0 0 0 0 0 0 0 0 0
1    2 ram2 0 0 0 0 0 0 0 0 0 0 0
1    3 ram3 0 0 0 0 0 0 0 0 0 0 0
1    4 ram4 0 0 0 0 0 0 0 0 0 0 0
1    5 ram5 0 0 0 0 0 0 0 0 0 0 0
1    6 ram6 0 0 0 0 0 0 0 0 0 0 0
1    7 ram7 0 0 0 0 0 0 0 0 0 0 0
1    8 ram8 0 0 0 0 0 0 0 0 0 0 0
1    9 ram9 0 0 0 0 0 0 0 0 0 0 0
1   10 ram10 0 0 0 0 0 0 0 0 0 0 0
1   11 ram11 0 0 0 0 0 0 0 0 0 0 0
1   12 ram12 0 0 0 0 0 0 0 0 0 0 0
1   13 ram13 0 0 0 0 0 0 0 0 0 0 0
1   14 ram14 0 0 0 0 0 0 0 0 0 0 0
1   15 ram15 0 0 0 0 0 0 0 0 0 0 0
104    0 cciss/c0d0 2139885 162788 37361471 8034486 18000103 83428123 811426212 12711273 0 6869455 20744808
104    1 cciss/c0d0p1 1421 3292 10354 3681 351 270 1244 796 0 4271 4477
104    2 cciss/c0d0p2 2138455 159477 37350893 8030772 17999752 83427853 811424968 12710477 0 6866903 20740737
104   16 cciss/c0d1 1172457446 44249372 49906398632 3910432027 3461454050 29008885 138141737645 445491696 11 165016057 60906398
105    0 cciss/c1d0 73924 269836 2753177 412500 2420473 19748 321780475 6652131 0 514459 7064611
253    0 dm-0 257136 0 3846266 2153516 5514375 0 44115000 3488723 0 1438733 5642772
253    1 dm-1 530189 0 11101770 3637955 2653323 0 21226584 1974126 0 1759161 5612392
253    2 dm-2 3919 0 35666 44717 181897 0 1455176 87041 0 87915 131768
253    3 dm-3 1076751 0 11219306 2641733 1639854 0 13118832 3718759 0 1851467 6361472
253    4 dm-4 256478 0 5545346 738862 85695614 0 685564912 105115476 0 1643367 106977848
253    5 dm-5 173276 0 5600490 533574 5699336 0 45594688 9727014 0 1590077 10298618
253    6 dm-6 116 0 928 438 43722 0 349776 39044 0 1000 39839
253    7 dm-7 93 0 744 293 0 0 0 0 0 30 293
9    0 md0 0 0 0 0 0 0 0 0 0 0 0
253    8 dm-8 1173790199 0 49566437313 3949155903 3488924330 0 138141737597 464131037 11 162644327 119674913
253    9 dm-9 619 0 9095 705 1221969 0 312031741 6536504 0 105255 6538868
TS 1281367547
1    0 ram0 0 0 0 0 0 0 0 0 0 0 0
1    1 ram1 0 0 0 0 0 0 0 0 0 0 0
1    2 ram2 0 0 0 0 0 0 0 0 0 0 0
1    3 ram3 0 0 0 0 0 0 0 0 0 0 0
1    4 ram4 0 0 0 0 0 0 0 0 0 0 0
1    5 ram5 0 0 0 0 0 0 0 0 0 0 0
1    6 ram6 0 0 0 0 0 0 0 0 0 0 0
1    7 ram7 0 0 0 0 0 0 0 0 0 0 0
1    8 ram8 0 0 0 0 0 0 0 0 0 0 0
1    9 ram9 0 0 0 0 0 0 0 0 0 0 0
1   10 ram10 0 0 0 0 0 0 0 0 0 0 0
1   11 ram11 0 0 0 0 0 0 0 0 0 0 0
1   12 ram12 0 0 0 0 0 0 0 0 0 0 0
1   13 ram13 0 0 0 0 0 0 0 0 0 0 0
1   14 ram14 0 0 0 0 0 0 0 0 0 0 0
1   15 ram15 0 0 0 0 0 0 0 0 0 0 0
104    0 cciss/c0d0 2139885 162788 37361471 8034486 18000140 83428467 811429260 12711311 0 6869457 20744846
104    1 cciss/c0d0p1 1421 3292 10354 3681 351 270 1244 796 0 4271 4477
104    2 cciss/c0d0p2 2138455 159477 37350893 8030772 17999789 83428197 811428016 12710515 0 6866905 20740775
104   16 cciss/c0d1 1172458382 44249376 49906439000 3910451800 3461455566 29008885 138141798982 445491863 25 165017922 60926796
105    0 cciss/c1d0 73924 269836 2753177 412500 2420473 19748 321780475 6652131 0 514459 7064611
253    0 dm-0 257136 0 3846266 2153516 5514375 0 44115000 3488723 0 1438733 5642772
253    1 dm-1 530189 0 11101770 3637955 2653323 0 21226584 1974126 0 1759161 5612392
253    2 dm-2 3919 0 35666 44717 181897 0 1455176 87041 0 87915 131768
253    3 dm-3 1076751 0 11219306 2641733 1639854 0 13118832 3718759 0 1851467 6361472
253    4 dm-4 256478 0 5545346 738862 85695995 0 685567960 105115852 0 1643369 106978224
253    5 dm-5 173276 0 5600490 533574 5699336 0 45594688 9727014 0 1590077 10298618
253    6 dm-6 116 0 928 438 43722 0 349776 39044 0 1000 39839
253    7 dm-7 93 0 744 293 0 0 0 0 0 30 293
9    0 md0 0 0 0 0 0 0 0 0 0 0 0
253    8 dm-8 1173791153 0 49566478521 3949175896 3488925846 0 138141798934 464131205 25 162646193 119695538
253    9 dm-9 619 0 9095 705 1221969 0 312031741 6536504 0 105255 6538868
TS 1281367549
1    0 ram0 0 0 0 0 0 0 0 0 0 0 0
1    1 ram1 0 0 0 0 0 0 0 0 0 0 0
1    2 ram2 0 0 0 0 0 0 0 0 0 0 0
1    3 ram3 0 0 0 0 0 0 0 0 0 0 0
1    4 ram4 0 0 0 0 0 0 0 0 0 0 0
1    5 ram5 0 0 0 0 0 0 0 0 0 0 0
1    6 ram6 0 0 0 0 0 0 0 0 0 0 0
1    7 ram7 0 0 0 0 0 0 0 0 0 0 0
1    8 ram8 0 0 0 0 0 0 0 0 0 0 0
1    9 ram9 0 0 0 0 0 0 0 0 0 0 0
1   10 ram10 0 0 0 0 0 0 0 0 0 0 0
1   11 ram11 0 0 0 0 0 0 0 0 0 0 0
1   12 ram12 0 0 0 0 0 0 0 0 0 0 0
1   13 ram13 0 0 0 0 0 0 0 0 0 0 0
1   14 ram14 0 0 0 0 0 0 0 0 0 0 0
1   15 ram15 0 0 0 0 0 0 0 0 0 0 0
104    0 cciss/c0d0 2139885 162788 37361471 8034486 18000188 83428842 811432644 12711350 0 6869463 20744885
104    1 cciss/c0d0p1 1421 3292 10354 3681 351 270 1244 796 0 4271 4477
104    2 cciss/c0d0p2 2138455 159477 37350893 8030772 17999837 83428572 811431400 12710554 0 6866911 20740814
104   16 cciss/c0d1 1172459220 44249379 49906471040 3910468886 3461457168 29008886 138141871081 445492114 15 165019656 60943391
105    0 cciss/c1d0 73924 269836 2753177 412500 2420473 19748 321780475 6652131 0 514459 7064611
253    0 dm-0 257136 0 3846266 2153516 5514792 0 44118336 3489097 0 1438739 5643146
253    1 dm-1 530189 0 11101770 3637955 2653323 0 21226584 1974126 0 1759161 5612392
253    2 dm-2 3919 0 35666 44717 181897 0 1455176 87041 0 87915 131768
253    3 dm-3 1076751 0 11219306 2641733 1639860 0 13118880 3718759 0 1851467 6361472
253    4 dm-4 256478 0 5545346 738862 85695995 0 685567960 105115852 0 1643369 106978224
253    5 dm-5 173276 0 5600490 533574 5699336 0 45594688 9727014 0 1590077 10298618
253    6 dm-6 116 0 928 438 43722 0 349776 39044 0 1000 39839
253    7 dm-7 93 0 744 293 0 0 0 0 0 30 293
9    0 md0 0 0 0 0 0 0 0 0 0 0 0
253    8 dm-8 1173791972 0 49566509465 3949193033 3488927461 0 138141875129 464131454 15 162647927 119712181
253    9 dm-9 619 0 9095 705 1221969 0 312031741 6536504 0 105255 6538868
TS 1281367551
1    0 ram0 0 0 0 0 0 0 0 0 0 0 0
1    1 ram1 0 0 0 0 0 0 0 0 0 0 0
1    2 ram2 0 0 0 0 0 0 0 0 0 0 0
1    3 ram3 0 0 0 0 0 0 0 0 0 0 0
1    4 ram4 0 0 0 0 0 0 0 0 0 0 0
1    5 ram5 0 0 0 0 0 0 0 0 0 0 0
1    6 ram6 0 0 0 0 0 0 0 0 0 0 0
1    7 ram7 0 0 0 0 0 0 0 0 0 0 0
1    8 ram8 0 0 0 0 0 0 0 0 0 0 0
1    9 ram9 0 0 0 0 0 0 0 0 0 0 0
1   10 ram10 0 0 0 0 0 0 0 0 0 0 0
1   11 ram11 0 0 0 0 0 0 0 0 0 0 0
1   12 ram12 0 0 0 0 0 0 0 0 0 0 0
1   13 ram13 0 0 0 0 0 0 0 0 0 0 0
1   14 ram14 0 0 0 0 0 0 0 0 0 0 0
1   15 ram15 0 0 0 0 0 0 0 0 0 0 0
104    0 cciss/c0d0 2139885 162788 37361471 8034486 18000190 83428843 811432668 12711350 0 6869463 20744885
104    1 cciss/c0d0p1 1421 3292 10354 3681 351 270 1244 796 0 4271 4477
104    2 cciss/c0d0p2 2138455 159477 37350893 8030772 17999839 83428573 811431424 12710554 0 6866911 20740814
104   16 cciss/c0d1 1172460116 44249383 49906514432 3910492612 3461458906 29008888 138141956636 445492303 17 165021402 60967415
105    0 cciss/c1d0 73924 269836 2753177 412500 2420473 19748 321780475 6652131 0 514459 7064611
253    0 dm-0 257136 0 3846266 2153516 5514792 0 44118336 3489097 0 1438739 5643146
253    1 dm-1 530189 0 11101770 3637955 2653326 0 21226608 1974126 0 1759161 5612392
253    2 dm-2 3919 0 35666 44717 181897 0 1455176 87041 0 87915 131768
253    3 dm-3 1076751 0 11219306 2641733 1639860 0 13118880 3718759 0 1851467 6361472
253    4 dm-4 256478 0 5545346 738862 85695995 0 685567960 105115852 0 1643369 106978224
253    5 dm-5 173276 0 5600490 533574 5699336 0 45594688 9727014 0 1590077 10298618
253    6 dm-6 116 0 928 438 43722 0 349776 39044 0 1000 39839
253    7 dm-7 93 0 744 293 0 0 0 0 0 30 293
9    0 md0 0 0 0 0 0 0 0 0 0 0 0
253    8 dm-8 1173792885 0 49566553593 3949216826 3488929191 0 138141956652 464131641 16 162649673 119736271
253    9 dm-9 619 0 9095 705 1221969 0 312031741 6536504 0 105255 6538868
TS 1281367553
1    0 ram0 0 0 0 0 0 0 0 0 0 0 0
1    1 ram1 0 0 0 0 0 0 0 0 0 0 0
1    2 ram2 0 0 0 0 0 0 0 0 0 0 0
1    3 ram3 0 0 0 0 0 0 0 0 0 0 0
1    4 ram4 0 0 0 0 0 0 0 0 0 0 0
1    5 ram5 0 0 0 0 0 0 0 0 0 0 0
1    6 ram6 0 0 0 0 0 0 0 0 0 0 0
1    7 ram7 0 0 0 0 0 0 0 0 0 0 0
1    8 ram8 0 0 0 0 0 0 0 0 0 0 0
1    9 ram9 0 0 0 0 0 0 0 0 0 0 0
1   10 ram10 0 0 0 0 0 0 0 0 0 0 0
1   11 ram11 0 0 0 0 0 0 0 0 0 0 0
1   12 ram12 0 0 0 0 0 0 0 0 0 0 0
1   13 ram13 0 0 0 0 0 0 0 0 0 0 0
1   14 ram14 0 0 0 0 0 0 0 0 0 0 0
1   15 ram15 0 0 0 0 0 0 0 0 0 0 0
104    0 cciss/c0d0 2139885 162788 37361471 8034486 18000223 83429048 811434572 12711370 0 6869465 20744905
104    1 cciss/c0d0p1 1421 3292 10354 3681 351 270 1244 796 0 4271 4477
104    2 cciss/c0d0p2 2138455 159477 37350893 8030772 17999872 83428778 811433328 12710574 0 6866913 20740834
104   16 cciss/c0d1 1172460868 44249387 49906555680 3910509034 3461459863 29008888 138142000654 445492409 4 165023118 60983894
105    0 cciss/c1d0 73924 269836 2753177 412500 2420473 19748 321780475 6652131 0 514459 7064611
253    0 dm-0 257136 0 3846266 2153516 5514792 0 44118336 3489097 0 1438739 5643146
253    1 dm-1 530189 0 11101770 3637955 2653326 0 21226608 1974126 0 1759161 5612392
253    2 dm-2 3919 0 35666 44717 181897 0 1455176 87041 0 87915 131768
253    3 dm-3 1076751 0 11219306 2641733 1639860 0 13118880 3718759 0 1851467 6361472
253    4 dm-4 256478 0 5545346 738862 85696233 0 685569864 105116039 0 1643371 106978411
253    5 dm-5 173276 0 5600490 533574 5699336 0 45594688 9727014 0 1590077 10298618
253    6 dm-6 116 0 928 438 43722 0 349776 39044 0 1000 39839
253    7 dm-7 93 0 744 293 0 0 0 0 0 30 293
9    0 md0 0 0 0 0 0 0 0 0 0 0 0
253    8 dm-8 1173793629 0 49566594169 3949233315 3488930146 0 138142000606 464131744 4 162651389 119752814
253    9 dm-9 619 0 9095 705 1221969 0 312031741 6536504 0 105255 6538868
TS 1281367554
1    0 ram0 0 0 0 0 0 0 0 0 0 0 0
1    1 ram1 0 0 0 0 0 0 0 0 0 0 0
1    2 ram2 0 0 0 0 0 0 0 0 0 0 0
1    3 ram3 0 0 0 0 0 0 0 0 0 0 0
1    4 ram4 0 0 0 0 0 0 0 0 0 0 0
1    5 ram5 0 0 0 0 0 0 0 0 0 0 0
1    6 ram6 0 0 0 0 0 0 0 0 0 0 0
1    7 ram7 0 0 0 0 0 0 0 0 0 0 0
1    8 ram8 0 0 0 0 0 0 0 0 0 0 0
1    9 ram9 0 0 0 0 0 0 0 0 0 0 0
1   10 ram10 0 0 0 0 0 0 0 0 0 0 0
1   11 ram11 0 0 0 0 0 0 0 0 0 0 0
1   12 ram12 0 0 0 0 0 0 0 0 0 0 0
1   13 ram13 0 0 0 0 0 0 0 0 0 0 0
1   14 ram14 0 0 0 0 0 0 0 0 0 0 0
1   15 ram15 0 0 0 0 0 0 0 0 0 0 0
104    0 cciss/c0d0 2139885 162788 37361471 8034486 18000270 83429400 811437764 12711402 0 6869467 20744937
104    1 cciss/c0d0p1 1421 3292 10354 3681 351 270 1244 796 0 4271 4477
104    2 cciss/c0d0p2 2138455 159477 37350893 8030772 17999919 83429130 811436520 12710606 0 6866915 20740866
104   16 cciss/c0d1 1172461798 44249391 49906596520 3910529999 3461461497 29008889 138142084103 445492742 9 165024854 61005383
105    0 cciss/c1d0 73924 269836 2753177 412500 2420473 19748 321780475 6652131 0 514459 7064611
253    0 dm-0 257136 0 3846266 2153516 5515171 0 44121368 3489367 0 1438740 5643416
253    1 dm-1 530189 0 11101770 3637955 2653326 0 21226608 1974126 0 1759161 5612392
253    2 dm-2 3919 0 35666 44717 181897 0 1455176 87041 0 87915 131768
253    3 dm-3 1076751 0 11219306 2641733 1639880 0 13119040 3718773 0 1851468 6361486
253    4 dm-4 256478 0 5545346 738862 85696233 0 685569864 105116039 0 1643371 106978411
253    5 dm-5 173276 0 5600490 533574 5699336 0 45594688 9727014 0 1590077 10298618
253    6 dm-6 116 0 928 438 43722 0 349776 39044 0 1000 39839
253    7 dm-7 93 0 744 293 0 0 0 0 0 30 293
9    0 md0 0 0 0 0 0 0 0 0 0 0 0
253    8 dm-8 1173794568 0 49566635145 3949254291 3488931781 0 138142084055 464132084 9 162653127 119774322
253    9 dm-9 619 0 9095 705 1221969 0 312031741 6536504 0 105255 6538868
TS 1281367556
1    0 ram0 0 0 0 0 0 0 0 0 0 0 0
1    1 ram1 0 0 0 0 0 0 0 0 0 0 0
1    2 ram2 0 0 0 0 0 0 0 0 0 0 0
1    3 ram3 0 0 0 0 0 0 0 0 0 0 0
1    4 ram4 0 0 0 0 0 0 0 0 0 0 0
1    5 ram5 0 0 0 0 0 0 0 0 0 0 0
1    6 ram6 0 0 0 0 0 0 0 0 0 0 0
1    7 ram7 0 0 0 0 0 0 0 0 0 0 0
1    8 ram8 0 0 0 0 0 0 0 0 0 0 0
1    9 ram9 0 0 0 0 0 0 0 0 0 0 0
1   10 ram10 0 0 0 0 0 0 0 0 0 0 0
1   11 ram11 0 0 0 0 0 0 0 0 0 0 0
1   12 ram12 0 0 0 0 0 0 0 0 0 0 0
1   13 ram13 0 0 0 0 0 0 0 0 0 0 0
1   14 ram14 0 0 0 0 0 0 0 0 0 0 0
1   15 ram15 0 0 0 0 0 0 0 0 0 0 0
104    0 cciss/c0d0 2139885 162788 37361471 8034486 18000270 83429400 811437764 12711402 0 6869467 20744937
104    1 cciss/c0d0p1 1421 3292 10354 3681 351 270 1244 796 0 4271 4477
104    2 cciss/c0d0p2 2138455 159477 37350893 8030772 17999919 83429130 811436520 12710606 0 6866915 20740866
104   16 cciss/c0d1 1172462649 44249397 49906634448 3910548615 3461462657 29008892 138142141468 445492922 12 165026603 61024233
105    0 cciss/c1d0 73924 269836 2753177 412500 2420473 19748 321780475 6652131 0 514459 7064611
253    0 dm-0 257136 0 3846266 2153516 5515171 0 44121368 3489367 0 1438740 5643416
253    1 dm-1 530189 0 11101770 3637955 2653326 0 21226608 1974126 0 1759161 5612392
253    2 dm-2 3919 0 35666 44717 181897 0 1455176 87041 0 87915 131768
253    3 dm-3 1076751 0 11219306 2641733 1639880 0 13119040 3718773 0 1851468 6361486
253    4 dm-4 256478 0 5545346 738862 85696233 0 685569864 105116039 0 1643371 106978411
253    5 dm-5 173276 0 5600490 533574 5699336 0 45594688 9727014 0 1590077 10298618
253    6 dm-6 116 0 928 438 43722 0 349776 39044 0 1000 39839
253    7 dm-7 93 0 744 293 0 0 0 0 0 30 293
9    0 md0 0 0 0 0 0 0 0 0 0 0 0
253    8 dm-8 1173795428 0 49566673537 3949272984 3488932944 0 138142141420 464132264 12 162654876 119793250
253    9 dm-9 619 0 9095 705 1221969 0 312031741 6536504 0 105255 6538868
TS 1281367558
1    0 ram0 0 0 0 0 0 0 0 0 0 0 0
1    1 ram1 0 0 0 0 0 0 0 0 0 0 0
1    2 ram2 0 0 0 0 0 0 0 0 0 0 0
1    3 ram3 0 0 0 0 0 0 0 0 0 0 0
1    4 ram4 0 0 0 0 0 0 0 0 0 0 0
1    5 ram5 0 0 0 0 0 0 0 0 0 0 0
1    6 ram6 0 0 0 0 0 0 0 0 0 0 0
1    7 ram7 0 0 0 0 0 0 0 0 0 0 0
1    8 ram8 0 0 0 0 0 0 0 0 0 0 0
1    9 ram9 0 0 0 0 0 0 0 0 0 0 0
1   10 ram10 0 0 0 0 0 0 0 0 0 0 0
1   11 ram11 0 0 0 0 0 0 0 0 0 0 0
1   12 ram12 0 0 0 0 0 0 0 0 0 0 0
1   13 ram13 0 0 0 0 0 0 0 0 0 0 0
1   14 ram14 0 0 0 0 0 0 0 0 0 0 0
1   15 ram15 0 0 0 0 0 0 0 0 0 0 0
104    0 cciss/c0d0 2139885 162788 37361471 8034486 18000297 83429520 811438940 12711407 0 6869468 20744942
104    1 cciss/c0d0p1 1421 3292 10354 3681 351 270 1244 796 0 4271 4477
104    2 cciss/c0d0p2 2138455 159477 37350893 8030772 17999946 83429250 811437696 12710611 0 6866916 20740871
104   16 cciss/c0d1 1172463458 44249399 49906664720 3910566243 3461465549 29008893 138142282626 445493221 6 165028325 61041959
105    0 cciss/c1d0 73924 269836 2753177 412500 2420473 19748 321780475 6652131 0 514459 7064611
253    0 dm-0 257136 0 3846266 2153516 5515171 0 44121368 3489367 0 1438740 5643416
253    1 dm-1 530189 0 11101770 3637955 2653329 0 21226632 1974126 0 1759161 5612392
253    2 dm-2 3919 0 35666 44717 181897 0 1455176 87041 0 87915 131768
253    3 dm-3 1076751 0 11219306 2641733 1639880 0 13119040 3718773 0 1851468 6361486
253    4 dm-4 256478 0 5545346 738862 85696377 0 685571016 105116116 0 1643372 106978488
253    5 dm-5 173276 0 5600490 533574 5699336 0 45594688 9727014 0 1590077 10298618
253    6 dm-6 116 0 928 438 43722 0 349776 39044 0 1000 39839
253    7 dm-7 93 0 744 293 0 0 0 0 0 30 293
9    0 md0 0 0 0 0 0 0 0 0 0 0 0
253    8 dm-8 1173796233 0 49566703241 3949290617 3488935837 0 138142282578 464132571 6 162656598 119810988
253    9 dm-9 619 0 9095 705 1221969 0 312031741 6536504 0 105255 6538868
TS 1281367562
1    0 ram0 0 0 0 0 0 0 0 0 0 0 0
1    1 ram1 0 0 0 0 0 0 0 0 0 0 0
1    2 ram2 0 0 0 0 0 0 0 0 0 0 0
1    3 ram3 0 0 0 0 0 0 0 0 0 0 0
1    4 ram4 0 0 0 0 0 0 0 0 0 0 0
1    5 ram5 0 0 0 0 0 0 0 0 0 0 0
1    6 ram6 0 0 0 0 0 0 0 0 0 0 0
1    7 ram7 0 0 0 0 0 0 0 0 0 0 0
1    8 ram8 0 0 0 0 0 0 0 0 0 0 0
1    9 ram9 0 0 0 0 0 0 0 0 0 0 0
1   10 ram10 0 0 0 0 0 0 0 0 0 0 0
1   11 ram11 0 0 0 0 0 0 0 0 0 0 0
1   12 ram12 0 0 0 0 0 0 0 0 0 0 0
1   13 ram13 0 0 0 0 0 0 0 0 0 0 0
1   14 ram14 0 0 0 0 0 0 0 0 0 0 0
1   15 ram15 0 0 0 0 0 0 0 0 0 0 0
104    0 cciss/c0d0 2139885 162788 37361471 8034486 18000359 83430054 811443708 12711451 0 6869472 20744986
104    1 cciss/c0d0p1 1421 3292 10354 3681 351 270 1244 796 0 4271 4477
104    2 cciss/c0d0p2 2138455 159477 37350893 8030772 18000008 83429784 811442464 12710655 0 6866920 20740915
104   16 cciss/c0d1 1172465229 44249401 49906738272 3910609940 3461469454 29008894 138142446710 445493738 15 165032171 61086285
105    0 cciss/c1d0 73924 269836 2753177 412500 2420473 19748 321780475 6652131 0 514459 7064611
253    0 dm-0 257136 0 3846266 2153516 5515484 0 44123872 3489647 0 1438742 5643696
253    1 dm-1 530189 0 11101770 3637955 2653329 0 21226632 1974126 0 1759161 5612392
253    2 dm-2 3919 0 35666 44717 181897 0 1455176 87041 0 87915 131768
253    3 dm-3 1076751 0 11219306 2641733 1639886 0 13119088 3718773 0 1851468 6361486
253    4 dm-4 256478 0 5545346 738862 85696654 0 685573232 105116366 0 1643374 106978738
253    5 dm-5 173276 0 5600490 533574 5699336 0 45594688 9727014 0 1590077 10298618
253    6 dm-6 116 0 928 438 43722 0 349776 39044 0 1000 39839
253    7 dm-7 93 0 744 293 0 0 0 0 0 30 293
9    0 md0 0 0 0 0 0 0 0 0 0 0 0
253    8 dm-8 1173798015 0 49566777585 3949334365 3488939743 0 138142446662 464133089 15 162660444 119855370
253    9 dm-9 619 0 9095 705 1221969 0 312031741 6536504 0 105255 6538868
TS 1281367563
1    0 ram0 0 0 0 0 0 0 0 0 0 0 0
1    1 ram1 0 0 0 0 0 0 0 0 0 0 0
1    2 ram2 0 0 0 0 0 0 0 0 0 0 0
1    3 ram3 0 0 0 0 0 0 0 0 0 0 0
1    4 ram4 0 0 0 0 0 0 0 0 0 0 0
1    5 ram5 0 0 0 0 0 0 0 0 0 0 0
1    6 ram6 0 0 0 0 0 0 0 0 0 0 0
1    7 ram7 0 0 0 0 0 0 0 0 0 0 0
1    8 ram8 0 0 0 0 0 0 0 0 0 0 0
1    9 ram9 0 0 0 0 0 0 0 0 0 0 0
1   10 ram10 0 0 0 0 0 0 0 0 0 0 0
1   11 ram11 0 0 0 0 0 0 0 0 0 0 0
1   12 ram12 0 0 0 0 0 0 0 0 0 0 0
1   13 ram13 0 0 0 0 0 0 0 0 0 0 0
1   14 ram14 0 0 0 0 0 0 0 0 0 0 0
1   15 ram15 0 0 0 0 0 0 0 0 0 0 0
104    0 cciss/c0d0 2139885 162788 37361471 8034486 18000359 83430054 811443708 12711451 0 6869472 20744986
104    1 cciss/c0d0p1 1421 3292 10354 3681 351 270 1244 796 0 4271 4477
104    2 cciss/c0d0p2 2138455 159477 37350893 8030772 18000008 83429784 811442464 12710655 0 6866920 20740915
104   16 cciss/c0d1 1172466344 44249405 49906795360 3910642291 3461471614 29008894 138142534180 445494231 24 165033929 61119841
105    0 cciss/c1d0 73924 269836 2753177 412500 2420473 19748 321780475 6652131 0 514459 7064611
253    0 dm-0 257136 0 3846266 2153516 5515484 0 44123872 3489647 0 1438742 5643696
253    1 dm-1 530189 0 11101770 3637955 2653329 0 21226632 1974126 0 1759161 5612392
253    2 dm-2 3919 0 35666 44717 181897 0 1455176 87041 0 87915 131768
253    3 dm-3 1076751 0 11219306 2641733 1639886 0 13119088 3718773 0 1851468 6361486
253    4 dm-4 256478 0 5545346 738862 85696654 0 685573232 105116366 0 1643374 106978738
253    5 dm-5 173276 0 5600490 533574 5699336 0 45594688 9727014 0 1590077 10298618
253    6 dm-6 116 0 928 438 43722 0 349776 39044 0 1000 39839
253    7 dm-7 93 0 744 293 0 0 0 0 0 30 293
9    0 md0 0 0 0 0 0 0 0 0 0 0 0
253    8 dm-8 1173799143 0 49566835137 3949366848 3488941903 0 138142534132 464133580 24 162662202 119889058
253    9 dm-9 619 0 9095 705 1221969 0 312031741 6536504 0 105255 6538868
TS 1281367565
1    0 ram0 0 0 0 0 0 0 0 0 0 0 0
1    1 ram1 0 0 0 0 0 0 0 0 0 0 0
1    2 ram2 0 0 0 0 0 0 0 0 0 0 0
1    3 ram3 0 0 0 0 0 0 0 0 0 0 0
1    4 ram4 0 0 0 0 0 0 0 0 0 0 0
1    5 ram5 0 0 0 0 0 0 0 0 0 0 0
1    6 ram6 0 0 0 0 0 0 0 0 0 0 0
1    7 ram7 0 0 0 0 0 0 0 0 0 0 0
1    8 ram8 0 0 0 0 0 0 0 0 0 0 0
1    9 ram9 0 0 0 0 0 0 0 0 0 0 0
1   10 ram10 0 0 0 0 0 0 0 0 0 0 0
1   11 ram11 0 0 0 0 0 0 0 0 0 0 0
1   12 ram12 0 0 0 0 0 0 0 0 0 0 0
1   13 ram13 0 0 0 0 0 0 0 0 0 0 0
1   14 ram14 0 0 0 0 0 0 0 0 0 0 0
1   15 ram15 0 0 0 0 0 0 0 0 0 0 0
104    0 cciss/c0d0 2139885 162788 37361471 8034486 18000389 83430355 811446356 12711471 0 6869473 20745006
104    1 cciss/c0d0p1 1421 3292 10354 3681 351 270 1244 796 0 4271 4477
104    2 cciss/c0d0p2 2138455 159477 37350893 8030772 18000038 83430085 811445112 12710675 0 6866921 20740935
104   16 cciss/c0d1 1172467330 44249408 49906846584 3910668315 3461474047 29008894 138142638569 445494629 23 165035748 61146121
105    0 cciss/c1d0 73924 269836 2753177 412500 2420473 19748 321780475 6652131 0 514459 7064611
253    0 dm-0 257136 0 3846266 2153516 5515812 0 44126496 3489902 0 1438743 5643951
253    1 dm-1 530189 0 11101770 3637955 2653332 0 21226656 1974126 0 1759161 5612392
253    2 dm-2 3919 0 35666 44717 181897 0 1455176 87041 0 87915 131768
253    3 dm-3 1076751 0 11219306 2641733 1639886 0 13119088 3718773 0 1851468 6361486
253    4 dm-4 256478 0 5545346 738862 85696654 0 685573232 105116366 0 1643374 106978738
253    5 dm-5 173276 0 5600490 533574 5699336 0 45594688 9727014 0 1590077 10298618
253    6 dm-6 116 0 928 438 43722 0 349776 39044 0 1000 39839
253    7 dm-7 93 0 744 293 0 0 0 0 0 30 293
9    0 md0 0 0 0 0 0 0 0 0 0 0 0
253    8 dm-8 1173800131 0 49566886305 3949392909 3488944336 0 138142638521 464133972 23 162664020 119915371
253    9 dm-9 619 0 9095 705 1221969 0 312031741 6536504 0 105255 6538868
TS 1281367567
1    0 ram0 0 0 0 0 0 0 0 0 0 0 0
1    1 ram1 0 0 0 0 0 0 0 0 0 0 0
1    2 ram2 0 0 0 0 0 0 0 0 0 0 0
1    3 ram3 0 0 0 0 0 0 0 0 0 0 0
1    4 ram4 0 0 0 0 0 0 0 0 0 0 0
1    5 ram5 0 0 0 0 0 0 0 0 0 0 0
1    6 ram6 0 0 0 0 0 0 0 0 0 0 0
1    7 ram7 0 0 0 0 0 0 0 0 0 0 0
1    8 ram8 0 0 0 0 0 0 0 0 0 0 0
1    9 ram9 0 0 0 0 0 0 0 0 0 0 0
1   10 ram10 0 0 0 0 0 0 0 0 0 0 0
1   11 ram11 0 0 0 0 0 0 0 0 0 0 0
1   12 ram12 0 0 0 0 0 0 0 0 0 0 0
1   13 ram13 0 0 0 0 0 0 0 0 0 0 0
1   14 ram14 0 0 0 0 0 0 0 0 0 0 0
1   15 ram15 0 0 0 0 0 0 0 0 0 0 0
104    0 cciss/c0d0 2139885 162788 37361471 8034486 18000430 83430728 811449668 12711511 0 6869475 20745046
104    1 cciss/c0d0p1 1421 3292 10354 3681 351 270 1244 796 0 4271 4477
104    2 cciss/c0d0p2 2138455 159477 37350893 8030772 18000079 83430458 811448424 12710715 0 6866923 20740975
104   16 cciss/c0d1 1172468212 44249412 49906891616 3910693519 3461476397 29008894 138142760383 445495625 13 165037566 61172008
105    0 cciss/c1d0 73924 269836 2753177 412500 2420473 19748 321780475 6652131 0 514459 7064611
253    0 dm-0 257136 0 3846266 2153516 5515812 0 44126496 3489902 0 1438743 5643951
253    1 dm-1 530189 0 11101770 3637955 2653332 0 21226656 1974126 0 1759161 5612392
253    2 dm-2 3919 0 35666 44717 181897 0 1455176 87041 0 87915 131768
253    3 dm-3 1076751 0 11219306 2641733 1639892 0 13119136 3718773 0 1851468 6361486
253    4 dm-4 256478 0 5545346 738862 85697059 0 685576472 105116783 0 1643376 106979155
253    5 dm-5 173276 0 5600490 533574 5699339 0 45594712 9727014 0 1590077 10298618
253    6 dm-6 116 0 928 438 43722 0 349776 39044 0 1000 39839
253    7 dm-7 93 0 744 293 0 0 0 0 0 30 293
9    0 md0 0 0 0 0 0 0 0 0 0 0 0
253    8 dm-8 1173801007 0 49566930593 3949418184 3488946686 0 138142760335 464134971 13 162665839 119941353
253    9 dm-9 619 0 9095 705 1221969 0 312031741 6536504 0 105255 6538868
TS 1281367569
1    0 ram0 0 0 0 0 0 0 0 0 0 0 0
1    1 ram1 0 0 0 0 0 0 0 0 0 0 0
1    2 ram2 0 0 0 0 0 0 0 0 0 0 0
1    3 ram3 0 0 0 0 0 0 0 0 0 0 0
1    4 ram4 0 0 0 0 0 0 0 0 0 0 0
1    5 ram5 0 0 0 0 0 0 0 0 0 0 0
1    6 ram6 0 0 0 0 0 0 0 0 0 0 0
1    7 ram7 0 0 0 0 0 0 0 0 0 0 0
1    8 ram8 0 0 0 0 0 0 0 0 0 0 0
1    9 ram9 0 0 0 0 0 0 0 0 0 0 0
1   10 ram10 0 0 0 0 0 0 0 0 0 0 0
1   11 ram11 0 0 0 0 0 0 0 0 0 0 0
1   12 ram12 0 0 0 0 0 0 0 0 0 0 0
1   13 ram13 0 0 0 0 0 0 0 0 0 0 0
1   14 ram14 0 0 0 0 0 0 0 0 0 0 0
1   15 ram15 0 0 0 0 0 0 0 0 0 0 0
104    0 cciss/c0d0 2139885 162788 37361471 8034486 18000436 83430737 811449788 12711517 0 6869476 20745052
104    1 cciss/c0d0p1 1421 3292 10354 3681 351 270 1244 796 0 4271 4477
104    2 cciss/c0d0p2 2138455 159477 37350893 8030772 18000085 83430467 811448544 12710721 0 6866924 20740981
104   16 cciss/c0d1 1172469280 44249415 49906939056 3910728890 3461478585 29008894 138142835061 445495936 5 165039430 61207428
105    0 cciss/c1d0 73924 269836 2753177 412500 2420473 19748 321780475 6652131 0 514459 7064611
253    0 dm-0 257136 0 3846266 2153516 5515812 0 44126496 3489902 0 1438743 5643951
253    1 dm-1 530189 0 11101770 3637955 2653332 0 21226656 1974126 0 1759161 5612392
253    2 dm-2 3919 0 35666 44717 181897 0 1455176 87041 0 87915 131768
253    3 dm-3 1076751 0 11219306 2641733 1639892 0 13119136 3718773 0 1851468 6361486
253    4 dm-4 256478 0 5545346 738862 85697073 0 685576584 105116797 0 1643377 106979169
253    5 dm-5 173276 0 5600490 533574 5699340 0 45594720 9727015 0 1590078 10298619
253    6 dm-6 116 0 928 438 43722 0 349776 39044 0 1000 39839
253    7 dm-7 93 0 744 293 0 0 0 0 0 30 293
9    0 md0 0 0 0 0 0 0 0 0 0 0 0
253    8 dm-8 1173802069 0 49566977609 3949453657 3488948876 0 138142835077 464135281 5 162667703 119976875
253    9 dm-9 619 0 9095 705 1221969 0 312031741 6536504 0 105255 6538868
TS 1281367571
1    0 ram0 0 0 0 0 0 0 0 0 0 0 0
1    1 ram1 0 0 0 0 0 0 0 0 0 0 0
1    2 ram2 0 0 0 0 0 0 0 0 0 0 0
1    3 ram3 0 0 0 0 0 0 0 0 0 0 0
1    4 ram4 0 0 0 0 0 0 0 0 0 0 0
1    5 ram5 0 0 0 0 0 0 0 0 0 0 0
1    6 ram6 0 0 0 0 0 0 0 0 0 0 0
1    7 ram7 0 0 0 0 0 0 0 0 0 0 0
1    8 ram8 0 0 0 0 0 0 0 0 0 0 0
1    9 ram9 0 0 0 0 0 0 0 0 0 0 0
1   10 ram10 0 0 0 0 0 0 0 0 0 0 0
1   11 ram11 0 0 0 0 0 0 0 0 0 0 0
1   12 ram12 0 0 0 0 0 0 0 0 0 0 0
1   13 ram13 0 0 0 0 0 0 0 0 0 0 0
1   14 ram14 0 0 0 0 0 0 0 0 0 0 0
1   15 ram15 0 0 0 0 0 0 0 0 0 0 0
104    0 cciss/c0d0 2139885 162788 37361471 8034486 18000463 83431036 811452396 12711535 0 6869478 20745070
104    1 cciss/c0d0p1 1421 3292 10354 3681 351 270 1244 796 0 4271 4477
104    2 cciss/c0d0p2 2138455 159477 37350893 8030772 18000112 83430766 811451152 12710739 0 6866926 20740999
104   16 cciss/c0d1 1172470017 44249418 49906967136 3910748505 3461480560 29008895 138142920023 445496171 8 165041172 61227328
105    0 cciss/c1d0 73924 269836 2753177 412500 2420473 19748 321780475 6652131 0 514459 7064611
253    0 dm-0 257136 0 3846266 2153516 5516132 0 44129056 3490148 0 1438745 5644197
253    1 dm-1 530189 0 11101770 3637955 2653332 0 21226656 1974126 0 1759161 5612392
253    2 dm-2 3919 0 35666 44717 181897 0 1455176 87041 0 87915 131768
253    3 dm-3 1076751 0 11219306 2641733 1639898 0 13119184 3718773 0 1851468 6361486
253    4 dm-4 256478 0 5545346 738862 85697073 0 685576584 105116797 0 1643377 106979169
253    5 dm-5 173276 0 5600490 533574 5699340 0 45594720 9727015 0 1590078 10298619
253    6 dm-6 116 0 928 438 43722 0 349776 39044 0 1000 39839
253    7 dm-7 93 0 744 293 0 0 0 0 0 30 293
9    0 md0 0 0 0 0 0 0 0 0 0 0 0
253    8 dm-8 1173802813 0 49567005721 3949473315 3488950850 0 138142919975 464135518 8 162669445 119996820
253    9 dm-9 619 0 9095 705 1221969 0 312031741 6536504 0 105255 6538868
